((	20,	20,	20,	20,	20,	20,	20,	20,	20,	20,	20,	20,	20,	20,	20,	20,	20,	20,	20,	20,	20,	20,	20,	20,	20,	20,	20,	20,	20,	20,	20,	20,	20,	20,	20,	20,	20,	20,	20,	20,	20,	20,	20,	20,	20,	20,	20,	20,	20,	20,	20,	20,	20,	20,	20,	20,	20,	20,	20,	20,	20,	20,	20,	20,	20,	20,	20,	20,	20,	20,	20,	20,	20,	20,	20,	20,	20,	20,	20,	20,	20,	20,	20,	20,	20,	20,	20,	20,	20,	20,	20,	20,	20,	20,	20,	20,	20,	20,	20,	20,	20,	20,	20,	20,	20,	20,	20,	20,	20,	20,	20,	20,	20,	20,	20,	20,	20,	20,	20,	20,	20,	20,	20,	20,	),
(	20,	20,	20,	20,	20,	20,	20,	20,	20,	20,	20,	20,	20,	20,	20,	20,	20,	20,	20,	20,	20,	20,	20,	20,	20,	20,	20,	20,	20,	20,	20,	20,	20,	20,	20,	20,	20,	20,	20,	20,	20,	20,	20,	20,	20,	20,	20,	20,	20,	20,	20,	20,	20,	20,	20,	20,	20,	20,	20,	20,	20,	20,	20,	20,	20,	20,	20,	20,	20,	20,	20,	20,	20,	20,	20,	20,	20,	20,	20,	20,	20,	20,	20,	20,	20,	20,	20,	20,	20,	20,	20,	20,	20,	20,	20,	20,	20,	20,	20,	20,	20,	20,	20,	20,	20,	20,	20,	20,	20,	20,	20,	20,	20,	20,	20,	20,	20,	20,	20,	20,	20,	20,	20,	20,	),
(	20,	20,	20,	20,	20,	20,	20,	20,	20,	20,	20,	20,	20,	20,	20,	20,	20,	20,	20,	20,	20,	20,	20,	20,	20,	20,	20,	20,	20,	20,	20,	20,	20,	20,	20,	20,	20,	20,	20,	20,	20,	20,	20,	20,	20,	20,	20,	20,	20,	20,	20,	20,	20,	20,	20,	20,	20,	20,	20,	20,	20,	20,	20,	20,	20,	20,	20,	20,	20,	20,	20,	20,	20,	20,	20,	20,	20,	20,	20,	20,	20,	20,	20,	20,	20,	20,	20,	20,	20,	20,	20,	20,	20,	20,	20,	20,	20,	20,	20,	20,	20,	20,	20,	20,	20,	20,	20,	20,	20,	20,	20,	20,	20,	20,	20,	20,	20,	20,	20,	20,	20,	20,	20,	20,	),
(	20,	20,	20,	20,	20,	20,	20,	20,	20,	20,	20,	20,	20,	20,	20,	20,	20,	20,	20,	20,	20,	20,	20,	20,	20,	20,	20,	20,	20,	20,	20,	20,	20,	20,	20,	20,	20,	20,	20,	20,	20,	20,	20,	20,	20,	20,	20,	20,	20,	20,	20,	20,	20,	20,	20,	20,	20,	20,	20,	20,	20,	20,	20,	20,	20,	20,	20,	20,	20,	20,	20,	20,	20,	20,	20,	20,	20,	20,	20,	20,	20,	20,	20,	20,	20,	20,	20,	20,	20,	20,	20,	20,	20,	20,	20,	20,	20,	20,	20,	20,	20,	20,	20,	20,	20,	20,	20,	20,	20,	20,	20,	20,	20,	20,	20,	20,	20,	20,	20,	20,	20,	20,	20,	20,	),
(	20,	20,	20,	20,	20,	20,	20,	20,	20,	20,	20,	20,	20,	20,	20,	20,	20,	20,	20,	20,	20,	20,	20,	20,	20,	20,	20,	20,	20,	20,	20,	20,	20,	20,	20,	20,	20,	20,	20,	20,	20,	20,	20,	20,	20,	20,	20,	20,	20,	20,	20,	20,	20,	20,	20,	20,	20,	20,	20,	20,	20,	20,	20,	20,	20,	20,	20,	20,	20,	20,	20,	20,	20,	20,	20,	20,	20,	20,	20,	20,	20,	20,	20,	20,	20,	20,	20,	20,	20,	20,	20,	20,	20,	20,	20,	20,	20,	20,	20,	20,	20,	20,	20,	20,	20,	20,	20,	20,	20,	20,	20,	20,	20,	20,	20,	20,	20,	20,	20,	20,	20,	20,	20,	20,	),
(	20,	20,	20,	20,	20,	20,	20,	20,	20,	20,	20,	20,	20,	20,	20,	20,	20,	20,	20,	20,	20,	20,	20,	20,	20,	20,	20,	20,	20,	20,	20,	20,	20,	20,	20,	20,	20,	20,	20,	20,	20,	20,	20,	20,	20,	20,	20,	20,	20,	20,	20,	20,	20,	20,	20,	20,	20,	20,	20,	20,	20,	20,	20,	20,	20,	20,	20,	20,	20,	20,	20,	20,	20,	20,	20,	20,	20,	20,	20,	20,	20,	20,	20,	20,	20,	20,	20,	20,	20,	20,	20,	20,	20,	20,	20,	20,	20,	20,	20,	20,	20,	20,	20,	20,	20,	20,	20,	20,	20,	20,	20,	20,	20,	20,	20,	20,	20,	20,	20,	20,	20,	20,	20,	20,	),
(	20,	20,	20,	20,	20,	20,	20,	20,	20,	20,	20,	20,	20,	20,	20,	20,	20,	20,	20,	20,	20,	20,	20,	20,	20,	20,	20,	20,	20,	20,	20,	20,	20,	20,	20,	20,	20,	20,	20,	20,	20,	20,	20,	20,	20,	20,	20,	20,	20,	20,	20,	20,	20,	20,	20,	20,	20,	20,	20,	20,	20,	20,	20,	20,	20,	20,	20,	20,	20,	20,	20,	20,	20,	20,	20,	20,	20,	20,	20,	20,	20,	20,	20,	20,	20,	20,	20,	20,	20,	20,	20,	20,	20,	20,	20,	20,	20,	20,	20,	20,	20,	20,	20,	20,	20,	20,	20,	20,	20,	20,	20,	20,	20,	20,	20,	20,	20,	20,	20,	20,	20,	20,	20,	20,	),
(	20,	20,	20,	20,	20,	20,	20,	20,	20,	20,	20,	20,	20,	20,	20,	20,	20,	20,	20,	20,	20,	20,	20,	20,	20,	20,	20,	20,	20,	20,	20,	20,	20,	20,	20,	20,	20,	20,	20,	20,	20,	20,	20,	20,	20,	20,	20,	20,	20,	20,	20,	20,	20,	20,	20,	20,	20,	20,	20,	20,	20,	20,	20,	20,	20,	20,	20,	20,	20,	20,	20,	20,	20,	20,	20,	20,	20,	20,	20,	20,	20,	20,	20,	20,	20,	20,	20,	20,	20,	20,	20,	20,	20,	20,	20,	20,	20,	20,	20,	20,	20,	20,	20,	20,	20,	20,	20,	20,	20,	20,	20,	20,	20,	20,	20,	20,	20,	20,	20,	20,	20,	20,	20,	20,	),
(	20,	20,	20,	20,	20,	20,	20,	20,	20,	20,	20,	20,	20,	20,	20,	20,	20,	20,	20,	20,	20,	20,	20,	20,	20,	20,	20,	20,	20,	20,	20,	20,	20,	20,	20,	20,	20,	20,	20,	20,	20,	20,	20,	20,	20,	20,	20,	20,	20,	20,	20,	20,	20,	20,	20,	20,	20,	20,	20,	20,	20,	20,	20,	20,	20,	20,	20,	20,	20,	20,	20,	20,	20,	20,	20,	20,	20,	20,	20,	20,	20,	20,	20,	20,	20,	20,	20,	20,	20,	20,	20,	20,	20,	20,	20,	20,	20,	20,	20,	20,	20,	20,	20,	20,	20,	20,	20,	20,	20,	20,	20,	20,	20,	20,	20,	20,	20,	20,	20,	20,	20,	20,	20,	20,	),
(	20,	20,	20,	20,	20,	20,	20,	20,	20,	20,	20,	20,	20,	20,	20,	20,	20,	20,	20,	20,	20,	20,	20,	20,	20,	20,	20,	20,	20,	20,	20,	20,	20,	20,	20,	20,	20,	20,	20,	20,	20,	20,	20,	20,	20,	20,	20,	20,	20,	20,	20,	20,	20,	20,	20,	20,	20,	20,	20,	20,	20,	20,	20,	20,	20,	20,	20,	20,	20,	20,	20,	20,	20,	20,	20,	20,	20,	20,	20,	20,	20,	20,	20,	20,	20,	20,	20,	20,	20,	20,	20,	20,	20,	20,	20,	20,	20,	20,	20,	20,	20,	20,	20,	20,	20,	20,	20,	20,	20,	20,	20,	20,	20,	20,	20,	20,	20,	20,	20,	20,	20,	20,	20,	20,	),
(	20,	20,	20,	20,	20,	20,	20,	20,	20,	20,	20,	20,	20,	20,	20,	20,	20,	20,	20,	20,	20,	20,	20,	20,	20,	20,	20,	20,	20,	20,	20,	20,	20,	20,	20,	20,	20,	20,	20,	20,	20,	20,	20,	20,	20,	20,	20,	20,	20,	20,	20,	20,	20,	20,	20,	20,	20,	20,	20,	20,	20,	20,	20,	20,	20,	20,	3,	3,	3,	3,	3,	3,	3,	3,	3,	3,	3,	3,	20,	20,	20,	20,	20,	20,	20,	20,	20,	20,	20,	20,	20,	20,	20,	20,	20,	20,	20,	20,	20,	20,	20,	20,	20,	20,	20,	20,	20,	20,	20,	20,	20,	20,	20,	20,	20,	20,	20,	20,	20,	20,	20,	20,	20,	20,	),
(	20,	20,	20,	20,	20,	20,	20,	20,	20,	20,	20,	20,	20,	20,	20,	20,	20,	20,	20,	20,	20,	20,	20,	20,	20,	20,	20,	20,	20,	20,	20,	20,	20,	20,	20,	20,	20,	20,	20,	20,	20,	20,	20,	20,	20,	20,	20,	20,	20,	20,	20,	20,	20,	20,	20,	20,	20,	20,	20,	20,	20,	20,	20,	20,	20,	3,	3,	3,	3,	3,	3,	3,	3,	3,	3,	3,	3,	3,	3,	20,	20,	20,	20,	20,	20,	20,	20,	20,	20,	20,	20,	20,	20,	20,	20,	20,	20,	20,	20,	20,	20,	20,	20,	20,	20,	20,	20,	20,	20,	20,	20,	20,	20,	20,	20,	20,	20,	20,	20,	20,	20,	20,	20,	20,	),
(	20,	20,	20,	20,	20,	20,	20,	20,	20,	20,	20,	20,	20,	20,	20,	20,	20,	20,	20,	20,	20,	20,	20,	20,	20,	20,	20,	20,	20,	20,	20,	20,	20,	20,	20,	20,	20,	20,	20,	20,	20,	20,	20,	20,	20,	20,	20,	20,	20,	20,	20,	20,	20,	20,	20,	20,	20,	20,	20,	20,	20,	20,	20,	20,	20,	3,	3,	3,	3,	3,	3,	3,	3,	3,	3,	3,	3,	3,	3,	3,	3,	20,	20,	20,	20,	20,	20,	20,	20,	20,	20,	20,	20,	20,	20,	20,	20,	20,	20,	20,	20,	20,	20,	20,	20,	20,	20,	20,	20,	20,	20,	20,	20,	20,	20,	20,	20,	20,	20,	20,	20,	20,	20,	20,	),
(	20,	20,	20,	20,	20,	20,	20,	20,	20,	20,	20,	20,	20,	20,	20,	20,	20,	20,	20,	20,	20,	20,	20,	20,	20,	20,	20,	20,	20,	20,	20,	20,	20,	20,	20,	20,	20,	20,	20,	20,	20,	20,	20,	20,	20,	20,	20,	20,	20,	20,	20,	20,	20,	20,	20,	20,	20,	20,	20,	20,	20,	20,	20,	20,	20,	3,	3,	3,	3,	3,	3,	3,	3,	3,	3,	3,	3,	3,	3,	3,	3,	20,	20,	20,	20,	20,	20,	20,	20,	20,	20,	20,	20,	20,	20,	20,	20,	20,	20,	20,	20,	20,	20,	20,	20,	20,	20,	20,	20,	20,	20,	20,	20,	20,	20,	20,	20,	20,	20,	20,	20,	20,	20,	20,	),
(	20,	20,	20,	20,	20,	20,	20,	20,	20,	20,	20,	20,	20,	20,	20,	20,	20,	20,	20,	20,	20,	20,	20,	20,	20,	20,	20,	20,	20,	20,	20,	20,	20,	20,	20,	20,	20,	20,	20,	20,	20,	20,	20,	20,	20,	20,	20,	20,	20,	20,	20,	20,	20,	20,	20,	20,	20,	20,	20,	20,	20,	20,	20,	20,	20,	3,	3,	3,	3,	3,	3,	3,	3,	3,	3,	3,	3,	3,	3,	3,	3,	3,	3,	3,	20,	20,	20,	20,	20,	20,	20,	20,	20,	20,	20,	20,	20,	20,	20,	20,	20,	20,	20,	20,	20,	20,	20,	20,	20,	20,	20,	20,	20,	20,	20,	20,	20,	20,	20,	20,	20,	20,	20,	20,	),
(	20,	20,	20,	20,	20,	20,	20,	20,	20,	20,	20,	20,	20,	20,	20,	20,	20,	20,	20,	20,	20,	20,	20,	20,	20,	20,	20,	20,	20,	20,	20,	20,	20,	20,	20,	20,	20,	20,	20,	20,	20,	20,	20,	20,	20,	20,	20,	20,	20,	20,	20,	20,	20,	20,	20,	20,	20,	20,	20,	20,	20,	20,	20,	20,	20,	3,	3,	3,	3,	3,	3,	3,	3,	3,	3,	3,	3,	3,	3,	3,	3,	3,	3,	3,	20,	20,	20,	20,	20,	20,	20,	20,	20,	20,	20,	20,	20,	20,	20,	20,	20,	20,	20,	20,	20,	20,	20,	20,	20,	20,	20,	20,	20,	20,	20,	20,	20,	20,	20,	20,	20,	20,	20,	20,	),
(	20,	20,	20,	20,	20,	20,	20,	20,	20,	20,	20,	20,	20,	20,	20,	20,	20,	20,	20,	20,	20,	20,	20,	20,	20,	20,	20,	20,	20,	20,	20,	20,	20,	20,	20,	20,	20,	20,	20,	20,	20,	20,	20,	20,	20,	20,	20,	20,	20,	20,	20,	20,	20,	20,	20,	20,	20,	20,	20,	20,	20,	20,	20,	20,	20,	3,	3,	3,	3,	3,	3,	3,	3,	3,	3,	3,	3,	3,	3,	3,	3,	3,	3,	3,	20,	20,	20,	20,	20,	20,	20,	20,	20,	20,	20,	20,	20,	20,	20,	20,	20,	20,	20,	20,	20,	20,	20,	20,	20,	20,	20,	20,	20,	20,	20,	20,	20,	20,	20,	20,	20,	20,	20,	20,	),
(	20,	20,	20,	20,	20,	20,	20,	20,	20,	20,	20,	20,	20,	20,	20,	20,	20,	20,	20,	20,	20,	20,	20,	20,	20,	20,	20,	20,	20,	20,	20,	20,	20,	20,	20,	20,	20,	20,	20,	20,	20,	20,	20,	20,	20,	20,	20,	20,	20,	20,	20,	20,	20,	20,	20,	20,	20,	20,	20,	20,	20,	20,	20,	20,	20,	20,	20,	3,	3,	3,	3,	3,	3,	3,	3,	3,	3,	3,	3,	3,	3,	3,	3,	3,	20,	20,	20,	20,	20,	20,	20,	20,	20,	20,	20,	20,	20,	20,	20,	20,	20,	20,	20,	20,	20,	20,	20,	20,	20,	20,	20,	20,	20,	20,	20,	20,	20,	20,	20,	20,	20,	20,	20,	20,	),
(	20,	20,	20,	20,	20,	20,	20,	20,	20,	20,	20,	20,	20,	20,	20,	20,	20,	20,	20,	20,	20,	20,	20,	20,	20,	20,	20,	20,	20,	20,	20,	20,	20,	20,	20,	20,	20,	20,	20,	20,	20,	20,	20,	20,	20,	20,	20,	20,	20,	20,	20,	20,	20,	20,	20,	20,	20,	20,	20,	20,	20,	20,	20,	20,	3,	3,	3,	20,	3,	3,	20,	3,	20,	3,	3,	3,	3,	3,	20,	20,	20,	20,	20,	20,	20,	20,	20,	20,	20,	20,	20,	20,	20,	20,	20,	20,	20,	20,	20,	20,	20,	20,	20,	20,	20,	20,	20,	20,	20,	20,	20,	20,	20,	20,	20,	20,	20,	20,	20,	20,	20,	20,	20,	20,	),
(	20,	20,	20,	20,	20,	20,	20,	20,	20,	20,	20,	20,	20,	20,	20,	20,	20,	20,	20,	20,	20,	20,	20,	20,	20,	20,	20,	20,	20,	20,	20,	20,	20,	20,	20,	20,	20,	20,	20,	20,	20,	20,	20,	20,	20,	20,	20,	20,	20,	20,	20,	20,	20,	20,	20,	20,	20,	20,	20,	20,	20,	20,	20,	20,	3,	3,	20,	20,	3,	20,	20,	20,	3,	20,	3,	3,	3,	3,	20,	20,	20,	20,	20,	20,	20,	20,	20,	20,	20,	20,	20,	20,	20,	20,	20,	20,	20,	20,	20,	20,	20,	20,	20,	20,	20,	20,	20,	20,	20,	20,	20,	20,	20,	20,	20,	20,	20,	20,	20,	20,	20,	20,	20,	20,	),
(	20,	20,	20,	20,	20,	20,	20,	20,	20,	20,	20,	20,	20,	20,	20,	20,	20,	20,	20,	20,	20,	20,	20,	20,	20,	20,	20,	20,	20,	20,	20,	20,	20,	20,	20,	20,	20,	20,	20,	20,	20,	20,	20,	20,	20,	20,	20,	20,	20,	20,	20,	20,	20,	20,	20,	20,	20,	20,	20,	20,	20,	20,	20,	20,	3,	3,	3,	3,	20,	20,	20,	20,	20,	20,	20,	20,	20,	3,	20,	20,	20,	20,	20,	20,	20,	20,	20,	20,	20,	20,	20,	20,	20,	20,	20,	20,	20,	20,	20,	20,	20,	20,	20,	20,	20,	20,	20,	20,	20,	20,	20,	20,	20,	20,	20,	20,	20,	20,	20,	20,	20,	20,	20,	20,	),
(	20,	20,	20,	20,	20,	20,	20,	20,	20,	20,	20,	20,	20,	20,	20,	20,	20,	20,	20,	20,	20,	20,	20,	20,	20,	20,	20,	20,	20,	20,	20,	20,	20,	20,	20,	20,	20,	20,	20,	20,	20,	20,	20,	20,	20,	20,	20,	20,	20,	20,	20,	20,	20,	20,	20,	20,	20,	20,	20,	20,	20,	20,	20,	3,	3,	3,	3,	3,	20,	20,	20,	20,	20,	20,	20,	20,	3,	20,	20,	20,	20,	20,	20,	20,	20,	20,	20,	20,	20,	20,	20,	20,	20,	20,	20,	20,	20,	20,	20,	20,	20,	20,	20,	20,	20,	20,	20,	20,	20,	20,	20,	20,	20,	20,	20,	20,	20,	20,	20,	20,	20,	20,	20,	20,	),
(	20,	20,	20,	20,	20,	20,	20,	20,	20,	20,	20,	20,	20,	20,	20,	20,	20,	20,	20,	20,	20,	20,	20,	20,	20,	20,	20,	20,	20,	20,	20,	20,	20,	20,	20,	20,	20,	20,	20,	20,	20,	20,	20,	20,	20,	20,	20,	20,	20,	20,	20,	20,	20,	20,	20,	20,	20,	20,	20,	20,	20,	20,	20,	20,	3,	3,	20,	20,	20,	20,	20,	20,	20,	20,	20,	20,	3,	20,	20,	20,	20,	20,	20,	20,	20,	20,	20,	20,	20,	20,	20,	20,	20,	20,	20,	20,	20,	20,	20,	20,	20,	20,	20,	20,	20,	20,	20,	20,	20,	20,	20,	20,	20,	20,	20,	20,	20,	20,	20,	20,	20,	20,	20,	20,	),
(	20,	20,	20,	20,	20,	20,	20,	20,	20,	20,	20,	20,	20,	20,	20,	20,	20,	20,	20,	20,	20,	20,	20,	20,	20,	20,	20,	20,	20,	20,	20,	20,	20,	20,	20,	20,	20,	20,	20,	20,	20,	20,	20,	20,	20,	20,	20,	20,	20,	20,	20,	20,	20,	20,	20,	20,	20,	20,	20,	20,	20,	20,	20,	20,	3,	3,	20,	20,	20,	20,	20,	20,	20,	20,	20,	20,	20,	20,	20,	20,	20,	20,	20,	20,	20,	20,	20,	20,	20,	20,	20,	20,	20,	20,	20,	20,	20,	20,	20,	20,	20,	20,	20,	20,	20,	20,	20,	20,	20,	20,	20,	20,	20,	20,	20,	20,	20,	20,	20,	20,	20,	20,	20,	20,	),
(	20,	20,	20,	20,	20,	20,	20,	20,	20,	20,	20,	20,	20,	20,	20,	20,	20,	20,	20,	20,	20,	20,	20,	20,	20,	20,	20,	20,	20,	20,	20,	20,	20,	20,	20,	20,	20,	20,	20,	20,	20,	20,	20,	20,	20,	20,	20,	20,	20,	20,	20,	20,	20,	20,	20,	20,	20,	20,	20,	20,	20,	20,	20,	20,	20,	20,	20,	20,	20,	20,	20,	20,	20,	20,	20,	20,	20,	20,	20,	20,	20,	20,	20,	20,	20,	20,	20,	20,	20,	20,	20,	20,	20,	20,	20,	20,	20,	20,	20,	20,	20,	20,	20,	20,	20,	20,	20,	20,	20,	20,	20,	20,	20,	20,	20,	20,	20,	20,	20,	20,	20,	20,	20,	20,	),
(	20,	20,	20,	20,	20,	20,	20,	20,	20,	20,	20,	20,	20,	20,	20,	20,	20,	20,	20,	20,	20,	20,	20,	20,	20,	20,	20,	20,	20,	20,	20,	20,	20,	20,	20,	20,	20,	20,	20,	20,	20,	20,	20,	20,	20,	20,	20,	20,	20,	20,	20,	20,	20,	20,	20,	20,	20,	20,	20,	20,	20,	20,	20,	20,	20,	20,	20,	20,	20,	20,	20,	20,	20,	20,	20,	20,	20,	20,	20,	20,	20,	20,	20,	20,	20,	20,	20,	20,	20,	20,	20,	20,	20,	20,	20,	20,	20,	20,	20,	20,	20,	20,	20,	20,	20,	20,	20,	20,	20,	20,	20,	20,	20,	20,	20,	20,	20,	20,	20,	20,	20,	20,	20,	20,	),
(	20,	20,	20,	20,	20,	20,	20,	20,	20,	20,	20,	20,	20,	20,	20,	20,	20,	20,	20,	20,	20,	20,	20,	20,	20,	20,	20,	20,	20,	20,	20,	20,	20,	20,	20,	20,	20,	20,	20,	20,	20,	20,	20,	20,	20,	20,	20,	20,	20,	20,	20,	20,	20,	20,	20,	20,	20,	20,	20,	20,	20,	20,	20,	20,	20,	20,	20,	20,	20,	20,	20,	20,	20,	200,	200,	60,	60,	20,	20,	20,	20,	20,	20,	20,	20,	20,	20,	20,	20,	20,	20,	20,	20,	20,	20,	20,	20,	20,	20,	20,	20,	20,	20,	20,	20,	20,	20,	20,	20,	20,	20,	20,	20,	20,	20,	20,	20,	20,	20,	20,	20,	20,	20,	20,	),
(	20,	20,	20,	20,	20,	20,	20,	20,	20,	20,	20,	20,	20,	20,	20,	20,	20,	20,	20,	20,	20,	20,	20,	20,	20,	20,	20,	20,	20,	20,	20,	20,	20,	20,	20,	20,	20,	20,	20,	20,	20,	20,	20,	20,	20,	20,	20,	20,	20,	20,	20,	20,	20,	20,	20,	20,	20,	20,	20,	20,	20,	20,	20,	20,	20,	20,	20,	20,	20,	20,	20,	20,	20,	200,	200,	60,	60,	20,	20,	20,	20,	20,	20,	20,	20,	20,	20,	20,	20,	20,	20,	20,	20,	20,	20,	20,	20,	20,	20,	20,	20,	20,	20,	20,	20,	20,	20,	20,	20,	20,	20,	20,	20,	20,	20,	20,	20,	20,	20,	20,	20,	20,	20,	20,	),
(	20,	20,	20,	20,	20,	20,	20,	20,	20,	20,	20,	20,	20,	20,	20,	20,	20,	20,	20,	20,	20,	20,	20,	20,	20,	20,	20,	20,	20,	20,	20,	20,	20,	20,	20,	20,	20,	20,	20,	20,	20,	20,	20,	20,	20,	20,	20,	20,	20,	20,	20,	20,	20,	20,	20,	20,	20,	20,	20,	20,	20,	20,	20,	20,	20,	20,	20,	20,	20,	20,	20,	20,	20,	200,	200,	60,	60,	20,	20,	20,	20,	20,	20,	20,	20,	20,	20,	20,	20,	20,	20,	20,	20,	20,	20,	20,	20,	20,	20,	20,	20,	20,	20,	20,	20,	20,	20,	20,	20,	20,	20,	20,	20,	20,	20,	20,	20,	20,	20,	20,	20,	20,	20,	20,	),
(	20,	20,	20,	20,	20,	20,	20,	20,	20,	20,	20,	20,	20,	20,	20,	20,	20,	20,	20,	20,	20,	20,	20,	20,	20,	20,	20,	20,	20,	20,	20,	20,	20,	20,	20,	20,	20,	20,	20,	20,	20,	20,	20,	20,	20,	20,	20,	20,	20,	20,	20,	20,	20,	20,	20,	20,	20,	20,	20,	20,	20,	20,	20,	20,	20,	20,	20,	20,	20,	20,	20,	20,	20,	200,	200,	20,	20,	20,	20,	20,	20,	20,	20,	20,	20,	20,	20,	20,	20,	20,	20,	20,	20,	20,	20,	20,	20,	20,	20,	20,	20,	20,	20,	20,	20,	20,	20,	20,	20,	20,	20,	20,	20,	20,	20,	20,	20,	20,	20,	20,	20,	20,	20,	20,	),
(	20,	20,	20,	20,	20,	20,	20,	20,	20,	20,	20,	20,	20,	20,	20,	20,	20,	20,	20,	20,	20,	20,	20,	20,	20,	20,	20,	20,	20,	20,	20,	20,	20,	20,	20,	20,	20,	20,	20,	20,	20,	20,	20,	20,	20,	20,	20,	20,	20,	20,	20,	20,	20,	20,	20,	20,	20,	20,	20,	60,	60,	60,	20,	20,	20,	90,	90,	20,	20,	20,	20,	20,	200,	200,	200,	20,	20,	20,	20,	20,	20,	20,	20,	20,	20,	20,	20,	20,	20,	20,	20,	20,	20,	20,	20,	20,	20,	20,	20,	20,	20,	20,	20,	20,	20,	20,	20,	20,	20,	20,	20,	20,	20,	20,	20,	20,	20,	20,	20,	20,	20,	20,	20,	20,	),
(	20,	20,	20,	20,	20,	20,	20,	20,	20,	20,	20,	20,	20,	20,	20,	20,	20,	20,	20,	20,	20,	20,	20,	20,	20,	20,	20,	20,	20,	20,	20,	20,	20,	20,	20,	20,	20,	20,	20,	20,	20,	20,	20,	20,	20,	20,	20,	20,	20,	20,	20,	20,	20,	20,	20,	20,	20,	20,	20,	60,	60,	60,	60,	60,	60,	90,	90,	90,	500,	700,	90,	90,	20,	200,	60,	3,	3,	3,	3,	20,	20,	20,	20,	20,	20,	20,	20,	20,	20,	20,	20,	20,	20,	20,	20,	20,	20,	20,	20,	20,	20,	20,	20,	20,	20,	20,	20,	20,	20,	20,	20,	20,	20,	20,	20,	20,	20,	20,	20,	20,	20,	20,	20,	20,	),
(	20,	20,	20,	20,	20,	20,	20,	20,	20,	20,	20,	20,	20,	20,	20,	20,	20,	20,	20,	20,	20,	20,	20,	20,	20,	20,	20,	20,	20,	20,	20,	20,	20,	20,	20,	20,	20,	20,	20,	20,	20,	20,	20,	20,	20,	20,	20,	20,	20,	20,	20,	20,	20,	20,	20,	20,	20,	20,	20,	60,	60,	60,	60,	60,	60,	90,	90,	90,	500,	500,	90,	20,	20,	60,	3,	3,	3,	3,	3,	3,	20,	3,	20,	20,	20,	20,	20,	20,	20,	20,	20,	20,	20,	20,	20,	20,	20,	20,	20,	20,	20,	20,	20,	20,	20,	20,	20,	20,	20,	20,	20,	20,	20,	20,	20,	20,	20,	20,	20,	20,	20,	20,	20,	20,	),
(	20,	20,	20,	20,	20,	20,	20,	20,	20,	20,	20,	20,	20,	20,	20,	20,	20,	20,	20,	20,	20,	20,	20,	20,	20,	20,	20,	20,	20,	20,	20,	20,	20,	20,	20,	20,	20,	20,	20,	20,	20,	20,	20,	20,	20,	20,	20,	20,	20,	20,	20,	20,	20,	20,	20,	20,	20,	20,	20,	60,	60,	60,	60,	60,	60,	60,	90,	90,	500,	500,	90,	90,	20,	20,	3,	3,	3,	3,	3,	3,	3,	3,	3,	20,	20,	20,	20,	20,	20,	20,	20,	20,	20,	20,	20,	20,	20,	20,	20,	20,	20,	20,	20,	20,	20,	20,	20,	20,	20,	20,	20,	20,	20,	20,	20,	20,	20,	20,	20,	20,	20,	20,	20,	20,	),
(	20,	20,	20,	20,	20,	20,	20,	20,	20,	20,	20,	20,	20,	20,	20,	20,	20,	20,	20,	20,	20,	20,	20,	20,	20,	20,	20,	20,	20,	20,	20,	20,	20,	20,	20,	20,	20,	20,	20,	20,	20,	20,	20,	20,	20,	20,	20,	20,	20,	20,	20,	20,	20,	20,	20,	20,	20,	20,	20,	60,	60,	60,	60,	60,	20,	60,	90,	90,	500,	700,	90,	20,	20,	20,	20,	3,	3,	3,	3,	3,	3,	3,	20,	20,	20,	20,	20,	20,	20,	20,	20,	20,	20,	20,	20,	20,	20,	20,	20,	20,	20,	20,	20,	20,	20,	20,	20,	20,	20,	20,	20,	20,	20,	20,	20,	20,	20,	20,	20,	20,	20,	20,	20,	20,	),
(	20,	20,	20,	20,	20,	20,	20,	20,	20,	20,	20,	20,	20,	20,	20,	20,	20,	20,	20,	20,	20,	20,	20,	20,	20,	20,	20,	20,	20,	3,	20,	20,	20,	20,	20,	20,	20,	20,	20,	20,	20,	20,	20,	20,	20,	20,	20,	20,	20,	20,	20,	20,	20,	20,	20,	20,	20,	20,	20,	20,	20,	60,	60,	60,	60,	60,	400,	500,	500,	500,	500,	500,	3,	20,	20,	3,	3,	3,	3,	3,	3,	20,	20,	20,	20,	20,	20,	20,	20,	20,	20,	20,	20,	20,	20,	20,	20,	20,	20,	20,	20,	20,	20,	20,	20,	20,	20,	20,	20,	20,	20,	20,	20,	20,	20,	20,	20,	20,	20,	20,	20,	20,	20,	20,	),
(	20,	20,	20,	20,	20,	20,	20,	20,	20,	20,	20,	20,	20,	20,	20,	20,	20,	20,	20,	20,	20,	20,	20,	20,	20,	20,	3,	3,	3,	20,	3,	3,	3,	3,	20,	20,	20,	20,	20,	20,	20,	20,	20,	20,	20,	20,	20,	20,	20,	20,	20,	20,	20,	20,	20,	20,	20,	20,	20,	20,	20,	20,	20,	60,	60,	60,	400,	500,	500,	500,	500,	20,	3,	20,	20,	20,	20,	3,	3,	3,	20,	20,	20,	20,	20,	20,	20,	20,	20,	20,	20,	20,	20,	20,	20,	20,	20,	20,	20,	20,	20,	20,	20,	20,	20,	20,	20,	20,	20,	20,	20,	20,	20,	20,	20,	20,	20,	20,	20,	20,	20,	20,	20,	20,	),
(	20,	20,	20,	20,	20,	20,	20,	20,	20,	20,	20,	20,	20,	20,	20,	20,	20,	20,	20,	20,	20,	20,	20,	20,	20,	20,	20,	3,	20,	3,	3,	3,	20,	3,	3,	20,	20,	20,	20,	20,	20,	20,	20,	20,	20,	20,	20,	20,	20,	20,	20,	20,	20,	20,	20,	20,	20,	20,	20,	20,	20,	20,	20,	20,	20,	60,	400,	500,	500,	500,	500,	3,	3,	20,	20,	20,	3,	3,	20,	20,	20,	20,	20,	20,	20,	20,	20,	20,	20,	20,	20,	20,	20,	20,	20,	20,	20,	20,	20,	20,	20,	20,	20,	20,	20,	20,	20,	20,	20,	20,	20,	20,	20,	20,	20,	20,	20,	20,	20,	20,	20,	20,	20,	20,	),
(	20,	20,	20,	20,	20,	20,	20,	20,	20,	20,	20,	20,	20,	20,	20,	20,	20,	20,	20,	20,	20,	20,	20,	20,	20,	3,	3,	3,	20,	3,	3,	20,	20,	3,	3,	3,	3,	20,	20,	20,	20,	20,	20,	20,	20,	20,	20,	20,	20,	20,	20,	20,	20,	20,	20,	20,	20,	20,	20,	20,	20,	20,	20,	20,	20,	20,	200,	200,	700,	400,	400,	20,	3,	60,	20,	20,	20,	20,	20,	20,	20,	20,	20,	20,	20,	20,	20,	20,	20,	20,	20,	20,	20,	20,	20,	20,	20,	20,	20,	20,	20,	20,	20,	20,	20,	20,	20,	20,	20,	20,	20,	20,	20,	20,	20,	20,	20,	20,	20,	20,	20,	20,	20,	20,	),
(	20,	20,	20,	20,	20,	20,	20,	20,	20,	20,	20,	20,	20,	20,	20,	20,	20,	20,	20,	20,	20,	20,	20,	20,	3,	20,	20,	20,	3,	3,	3,	20,	3,	3,	3,	20,	3,	3,	20,	20,	20,	20,	20,	20,	20,	20,	20,	20,	20,	20,	20,	20,	20,	20,	20,	20,	20,	20,	20,	20,	20,	20,	20,	20,	20,	60,	60,	60,	400,	400,	400,	3,	3,	20,	60,	60,	60,	60,	20,	20,	20,	20,	20,	20,	20,	20,	20,	20,	20,	20,	20,	20,	20,	20,	20,	20,	20,	20,	20,	20,	20,	20,	20,	20,	20,	20,	20,	20,	20,	20,	20,	20,	20,	20,	20,	20,	20,	20,	20,	20,	20,	20,	20,	20,	),
(	20,	20,	20,	20,	20,	20,	20,	20,	20,	20,	20,	20,	20,	20,	20,	20,	20,	20,	20,	20,	20,	20,	20,	20,	3,	20,	3,	3,	3,	3,	3,	3,	3,	3,	3,	3,	3,	3,	20,	20,	20,	20,	20,	20,	20,	20,	20,	20,	20,	20,	20,	20,	20,	20,	20,	20,	20,	20,	20,	20,	20,	20,	20,	20,	20,	20,	20,	60,	60,	60,	60,	20,	60,	20,	60,	60,	60,	20,	20,	20,	20,	20,	20,	20,	20,	20,	20,	20,	20,	20,	20,	20,	20,	20,	20,	20,	20,	20,	20,	20,	20,	20,	20,	20,	20,	20,	20,	20,	20,	20,	20,	20,	20,	20,	20,	20,	20,	20,	20,	20,	20,	20,	20,	20,	),
(	20,	20,	20,	20,	20,	20,	20,	20,	20,	20,	20,	20,	20,	20,	20,	20,	20,	20,	20,	20,	20,	20,	20,	20,	3,	20,	3,	3,	3,	3,	3,	3,	3,	3,	3,	3,	3,	3,	3,	3,	20,	20,	20,	20,	20,	20,	20,	20,	20,	20,	20,	20,	20,	20,	20,	20,	20,	20,	20,	20,	20,	20,	20,	20,	20,	20,	20,	60,	60,	60,	60,	20,	60,	60,	60,	60,	20,	20,	20,	20,	20,	20,	20,	20,	20,	20,	20,	20,	20,	20,	20,	20,	20,	20,	20,	20,	20,	20,	20,	20,	20,	20,	20,	20,	20,	20,	20,	20,	20,	20,	20,	20,	20,	20,	20,	20,	20,	20,	20,	20,	20,	20,	20,	20,	),
(	20,	20,	20,	20,	20,	20,	20,	20,	20,	20,	20,	20,	20,	20,	20,	20,	20,	20,	20,	20,	20,	20,	20,	20,	3,	20,	20,	3,	3,	3,	3,	3,	3,	3,	3,	3,	3,	3,	3,	3,	3,	3,	3,	20,	20,	20,	20,	20,	20,	20,	20,	20,	20,	20,	20,	20,	20,	20,	20,	20,	20,	20,	20,	20,	20,	20,	20,	20,	60,	60,	60,	20,	60,	60,	60,	20,	20,	20,	20,	20,	20,	20,	20,	20,	20,	20,	20,	20,	20,	20,	20,	20,	20,	20,	20,	20,	20,	20,	20,	20,	20,	20,	20,	20,	20,	20,	20,	20,	20,	20,	20,	20,	20,	20,	20,	20,	20,	20,	20,	20,	20,	20,	20,	20,	),
(	20,	20,	20,	20,	20,	20,	20,	20,	20,	20,	20,	20,	20,	20,	20,	20,	20,	20,	20,	20,	20,	20,	20,	20,	20,	3,	20,	3,	3,	3,	3,	3,	3,	3,	3,	3,	3,	3,	3,	3,	3,	3,	3,	3,	20,	20,	20,	20,	20,	20,	20,	20,	20,	20,	20,	20,	20,	20,	20,	20,	20,	20,	20,	20,	20,	20,	20,	20,	60,	20,	20,	20,	60,	60,	20,	20,	20,	20,	20,	20,	20,	20,	20,	20,	20,	20,	20,	20,	20,	20,	20,	20,	20,	20,	20,	20,	20,	20,	20,	20,	20,	20,	20,	20,	20,	20,	20,	20,	20,	20,	20,	20,	20,	20,	20,	20,	20,	20,	20,	20,	20,	20,	20,	20,	),
(	20,	20,	20,	20,	20,	20,	20,	20,	20,	20,	20,	20,	20,	20,	20,	20,	20,	20,	20,	20,	20,	20,	20,	20,	20,	3,	20,	20,	20,	20,	3,	3,	3,	3,	3,	3,	3,	3,	3,	3,	3,	3,	3,	3,	20,	20,	20,	20,	20,	20,	20,	20,	20,	20,	20,	20,	20,	20,	20,	20,	20,	20,	20,	20,	20,	20,	20,	20,	60,	60,	20,	20,	20,	20,	20,	20,	20,	20,	20,	20,	20,	20,	20,	20,	20,	20,	20,	20,	20,	20,	20,	20,	20,	20,	20,	20,	20,	20,	20,	20,	20,	20,	20,	20,	20,	20,	20,	20,	20,	20,	20,	20,	20,	20,	20,	20,	20,	20,	20,	20,	20,	20,	20,	20,	),
(	20,	20,	20,	20,	20,	20,	20,	20,	20,	20,	20,	20,	20,	20,	20,	20,	20,	20,	20,	20,	20,	20,	20,	20,	20,	20,	3,	3,	3,	20,	20,	3,	3,	3,	3,	3,	3,	3,	3,	3,	3,	3,	3,	20,	20,	20,	20,	20,	20,	20,	20,	20,	20,	20,	20,	20,	20,	20,	20,	20,	20,	20,	20,	20,	20,	20,	20,	20,	20,	20,	20,	20,	20,	20,	20,	20,	20,	20,	20,	20,	20,	20,	20,	20,	20,	20,	20,	20,	20,	20,	20,	20,	20,	20,	20,	20,	20,	20,	20,	20,	20,	20,	20,	20,	20,	20,	20,	20,	20,	20,	20,	20,	20,	20,	20,	20,	20,	20,	20,	20,	20,	20,	20,	20,	),
(	20,	20,	20,	20,	20,	20,	20,	20,	20,	20,	20,	20,	20,	20,	20,	20,	20,	20,	20,	20,	20,	20,	20,	20,	20,	20,	20,	3,	20,	20,	20,	20,	3,	3,	3,	3,	3,	3,	3,	3,	20,	3,	20,	20,	20,	20,	20,	20,	20,	20,	20,	20,	20,	20,	20,	20,	20,	20,	20,	20,	20,	20,	20,	3,	3,	3,	20,	20,	20,	20,	20,	20,	20,	20,	20,	20,	20,	20,	20,	20,	20,	20,	20,	20,	20,	20,	20,	20,	20,	20,	20,	20,	20,	20,	20,	20,	20,	20,	20,	20,	20,	20,	20,	20,	20,	20,	20,	20,	20,	20,	20,	20,	20,	20,	20,	20,	20,	20,	20,	20,	20,	20,	20,	20,	),
(	20,	20,	20,	20,	20,	20,	20,	20,	20,	20,	20,	20,	20,	20,	20,	20,	20,	20,	20,	20,	20,	20,	20,	20,	20,	20,	20,	20,	3,	20,	3,	20,	20,	3,	3,	3,	3,	3,	3,	3,	20,	3,	20,	20,	20,	20,	20,	20,	20,	20,	20,	20,	20,	20,	20,	20,	20,	20,	20,	20,	20,	20,	3,	3,	3,	3,	3,	20,	20,	20,	20,	20,	3,	20,	20,	20,	20,	20,	20,	20,	20,	20,	20,	20,	20,	20,	20,	20,	20,	20,	20,	20,	20,	20,	20,	20,	20,	20,	20,	20,	20,	20,	20,	20,	20,	20,	20,	20,	20,	20,	20,	20,	20,	20,	20,	20,	20,	20,	20,	20,	20,	20,	20,	20,	),
(	20,	20,	20,	20,	20,	20,	20,	20,	20,	20,	20,	20,	20,	20,	20,	20,	20,	20,	20,	20,	20,	20,	20,	20,	20,	20,	20,	20,	20,	3,	20,	3,	3,	20,	3,	3,	3,	3,	3,	3,	3,	20,	20,	20,	20,	20,	20,	20,	20,	20,	20,	20,	20,	20,	20,	20,	20,	20,	20,	20,	20,	20,	3,	3,	3,	3,	3,	20,	20,	3,	20,	3,	3,	20,	20,	20,	20,	20,	20,	20,	20,	20,	20,	20,	20,	20,	20,	20,	20,	20,	20,	20,	20,	20,	20,	20,	20,	20,	20,	20,	20,	20,	20,	20,	20,	20,	20,	20,	20,	20,	20,	20,	20,	20,	20,	20,	20,	20,	20,	20,	20,	20,	20,	20,	),
(	20,	20,	20,	20,	20,	20,	20,	20,	20,	20,	20,	20,	20,	20,	20,	20,	20,	20,	20,	20,	20,	20,	20,	20,	20,	20,	20,	20,	20,	20,	3,	20,	20,	20,	3,	3,	3,	3,	3,	3,	20,	3,	20,	20,	20,	20,	20,	20,	20,	20,	20,	20,	20,	20,	20,	20,	20,	20,	20,	20,	20,	20,	20,	3,	3,	3,	3,	3,	3,	3,	20,	3,	3,	20,	20,	20,	20,	20,	20,	20,	20,	20,	20,	20,	20,	20,	20,	20,	20,	20,	20,	20,	20,	20,	20,	20,	20,	20,	20,	20,	20,	20,	20,	20,	20,	20,	20,	20,	20,	20,	20,	20,	20,	20,	20,	20,	20,	20,	20,	20,	20,	20,	20,	20,	),
(	20,	20,	20,	20,	20,	20,	20,	20,	20,	20,	20,	20,	20,	20,	20,	20,	20,	20,	20,	20,	20,	20,	20,	20,	20,	20,	20,	20,	20,	20,	3,	20,	20,	20,	3,	3,	3,	3,	3,	3,	3,	20,	20,	20,	20,	20,	20,	20,	20,	20,	20,	20,	20,	20,	20,	20,	20,	20,	20,	20,	20,	3,	3,	3,	3,	3,	3,	3,	3,	3,	3,	3,	3,	20,	20,	20,	20,	20,	20,	20,	20,	20,	20,	20,	20,	20,	20,	20,	20,	20,	20,	20,	20,	20,	20,	20,	20,	20,	20,	20,	20,	20,	20,	20,	20,	20,	20,	20,	20,	20,	20,	20,	20,	20,	20,	20,	20,	20,	20,	20,	20,	20,	20,	20,	),
(	20,	20,	20,	20,	20,	20,	20,	20,	20,	20,	20,	20,	20,	20,	20,	20,	20,	20,	20,	20,	20,	20,	20,	20,	20,	20,	20,	20,	20,	20,	3,	20,	20,	3,	3,	3,	3,	3,	3,	20,	20,	20,	20,	20,	20,	20,	20,	20,	20,	20,	20,	20,	20,	20,	20,	20,	20,	20,	20,	20,	20,	3,	3,	3,	3,	3,	3,	3,	3,	20,	3,	3,	20,	20,	20,	20,	20,	20,	20,	20,	20,	20,	20,	20,	20,	20,	20,	20,	20,	20,	20,	20,	20,	20,	20,	20,	20,	20,	20,	20,	20,	20,	20,	20,	20,	20,	20,	20,	20,	20,	20,	20,	20,	20,	20,	20,	20,	20,	20,	20,	20,	20,	20,	20,	),
(	20,	20,	20,	20,	20,	20,	20,	20,	20,	20,	20,	20,	20,	20,	20,	20,	20,	20,	20,	20,	20,	20,	20,	20,	20,	20,	20,	20,	20,	20,	3,	20,	20,	3,	3,	3,	3,	3,	3,	20,	20,	20,	20,	20,	20,	20,	20,	20,	20,	20,	20,	20,	20,	20,	20,	20,	20,	20,	20,	20,	20,	3,	20,	3,	3,	3,	3,	3,	3,	3,	3,	20,	20,	20,	20,	20,	20,	20,	20,	20,	20,	20,	20,	20,	20,	20,	20,	20,	20,	20,	20,	20,	20,	20,	20,	20,	20,	20,	20,	20,	20,	20,	20,	20,	20,	20,	20,	20,	20,	20,	20,	20,	20,	20,	20,	20,	20,	20,	20,	20,	20,	20,	20,	20,	),
(	20,	20,	20,	20,	20,	20,	20,	20,	20,	20,	20,	20,	20,	20,	20,	20,	20,	20,	20,	20,	20,	20,	20,	20,	20,	20,	20,	20,	20,	20,	3,	20,	20,	3,	3,	3,	3,	3,	20,	20,	20,	20,	20,	20,	20,	20,	20,	20,	20,	20,	20,	20,	20,	20,	20,	20,	20,	20,	20,	20,	20,	20,	3,	3,	3,	3,	3,	3,	3,	3,	3,	20,	20,	20,	20,	20,	20,	20,	20,	20,	20,	20,	20,	20,	20,	20,	20,	20,	20,	20,	20,	20,	20,	20,	20,	20,	20,	20,	20,	20,	20,	20,	20,	20,	20,	20,	20,	20,	20,	20,	20,	20,	20,	20,	20,	20,	20,	20,	20,	20,	20,	20,	20,	20,	),
(	20,	20,	20,	20,	20,	20,	20,	20,	20,	20,	20,	20,	20,	20,	20,	20,	20,	20,	20,	20,	20,	20,	20,	20,	20,	20,	20,	20,	20,	20,	20,	3,	3,	3,	3,	3,	3,	20,	20,	20,	20,	20,	20,	20,	20,	20,	20,	20,	20,	20,	20,	20,	20,	20,	20,	20,	20,	20,	20,	20,	20,	20,	3,	20,	3,	3,	3,	3,	20,	3,	20,	20,	20,	20,	20,	20,	20,	20,	20,	20,	20,	20,	20,	20,	20,	20,	20,	20,	20,	20,	20,	20,	20,	20,	20,	20,	20,	20,	20,	20,	20,	20,	20,	20,	20,	20,	20,	20,	20,	20,	20,	20,	20,	20,	20,	20,	20,	20,	20,	20,	20,	20,	20,	20,	),
(	20,	20,	20,	20,	20,	20,	20,	20,	20,	20,	20,	20,	20,	20,	20,	20,	20,	20,	20,	20,	20,	20,	20,	20,	20,	20,	20,	20,	20,	20,	20,	20,	3,	3,	3,	3,	3,	20,	20,	20,	20,	20,	20,	20,	20,	20,	20,	20,	20,	20,	20,	20,	20,	20,	20,	20,	20,	20,	20,	20,	20,	20,	20,	3,	3,	3,	3,	20,	3,	20,	20,	20,	20,	20,	20,	20,	20,	20,	20,	20,	20,	20,	20,	20,	20,	20,	20,	20,	20,	20,	20,	20,	20,	20,	20,	20,	20,	20,	20,	20,	20,	20,	20,	20,	20,	20,	20,	20,	20,	20,	20,	20,	20,	20,	20,	20,	20,	20,	20,	20,	20,	20,	20,	20,	),
(	20,	20,	20,	20,	20,	20,	20,	20,	20,	20,	20,	20,	20,	20,	20,	20,	20,	20,	20,	20,	20,	20,	20,	20,	20,	20,	20,	20,	20,	3,	20,	3,	3,	3,	3,	20,	20,	20,	20,	20,	20,	20,	20,	20,	20,	20,	20,	20,	20,	20,	20,	20,	20,	20,	20,	20,	20,	20,	20,	20,	20,	20,	20,	20,	3,	3,	20,	3,	3,	20,	20,	20,	20,	20,	20,	20,	20,	20,	20,	20,	20,	20,	20,	20,	20,	20,	20,	20,	20,	20,	20,	20,	20,	20,	20,	20,	20,	20,	20,	20,	20,	20,	20,	20,	20,	20,	20,	20,	20,	20,	20,	20,	20,	20,	20,	20,	20,	20,	20,	20,	20,	20,	20,	20,	),
(	20,	20,	20,	20,	20,	20,	20,	20,	20,	20,	20,	20,	20,	20,	20,	20,	20,	20,	20,	20,	20,	20,	20,	20,	20,	20,	20,	20,	20,	3,	20,	3,	3,	3,	3,	3,	20,	20,	20,	20,	20,	20,	20,	20,	20,	20,	20,	20,	20,	20,	20,	20,	20,	20,	20,	20,	20,	20,	20,	20,	20,	20,	20,	3,	3,	3,	3,	3,	20,	20,	20,	20,	20,	20,	20,	20,	20,	20,	20,	20,	20,	20,	20,	20,	20,	20,	20,	20,	20,	20,	20,	20,	20,	20,	20,	20,	20,	20,	20,	20,	20,	20,	20,	20,	20,	20,	20,	20,	20,	20,	20,	20,	20,	20,	20,	20,	20,	20,	20,	20,	20,	20,	20,	20,	),
(	20,	20,	20,	20,	20,	20,	20,	20,	20,	20,	20,	20,	20,	20,	20,	20,	20,	20,	20,	20,	20,	20,	20,	20,	20,	20,	20,	20,	20,	3,	3,	3,	3,	3,	3,	20,	20,	20,	20,	20,	20,	20,	20,	20,	20,	20,	20,	20,	20,	20,	20,	20,	20,	20,	20,	20,	20,	20,	20,	20,	20,	20,	20,	20,	20,	20,	20,	20,	20,	20,	20,	20,	20,	20,	20,	20,	20,	20,	20,	20,	20,	20,	20,	20,	20,	20,	20,	20,	20,	20,	20,	20,	20,	20,	20,	20,	20,	20,	20,	20,	20,	20,	20,	20,	20,	20,	20,	20,	20,	20,	20,	20,	20,	20,	20,	20,	20,	20,	20,	20,	20,	20,	20,	20,	),
(	20,	20,	20,	20,	20,	20,	20,	20,	20,	20,	20,	20,	20,	20,	20,	20,	20,	20,	20,	20,	20,	20,	20,	20,	20,	20,	20,	20,	20,	3,	20,	3,	3,	20,	20,	20,	20,	20,	20,	20,	20,	20,	20,	20,	20,	20,	20,	20,	20,	20,	20,	20,	20,	20,	20,	20,	20,	20,	20,	20,	20,	20,	20,	20,	20,	20,	20,	20,	20,	20,	20,	20,	20,	20,	20,	20,	20,	20,	20,	20,	20,	20,	20,	20,	20,	20,	20,	20,	20,	20,	20,	20,	20,	20,	20,	20,	20,	20,	20,	20,	20,	20,	20,	20,	20,	20,	20,	20,	20,	20,	20,	20,	20,	20,	20,	20,	20,	20,	20,	20,	20,	20,	20,	20,	),
(	20,	20,	20,	20,	20,	20,	20,	20,	20,	20,	20,	20,	20,	20,	20,	20,	20,	20,	20,	20,	20,	20,	20,	20,	20,	20,	20,	20,	20,	20,	20,	3,	3,	20,	20,	20,	20,	20,	20,	20,	20,	20,	20,	20,	20,	20,	20,	20,	20,	20,	20,	20,	20,	20,	20,	20,	20,	20,	20,	20,	20,	20,	20,	20,	20,	20,	20,	20,	20,	20,	20,	20,	20,	20,	20,	20,	20,	20,	20,	20,	20,	20,	20,	20,	20,	20,	20,	20,	20,	20,	20,	20,	20,	20,	20,	20,	20,	20,	20,	20,	20,	20,	20,	20,	20,	20,	20,	20,	20,	20,	20,	20,	20,	20,	20,	20,	20,	20,	20,	20,	20,	20,	20,	20,	),
(	20,	20,	20,	20,	20,	20,	20,	20,	20,	20,	20,	20,	20,	20,	20,	20,	20,	20,	20,	20,	20,	20,	20,	20,	20,	20,	20,	20,	20,	20,	20,	3,	20,	20,	20,	20,	20,	20,	20,	20,	20,	20,	20,	20,	20,	20,	20,	20,	20,	20,	20,	20,	20,	20,	20,	20,	20,	20,	20,	20,	20,	20,	20,	20,	20,	20,	20,	20,	20,	20,	20,	20,	20,	20,	20,	20,	20,	20,	20,	20,	20,	20,	20,	20,	20,	20,	20,	20,	20,	20,	20,	20,	20,	20,	20,	20,	20,	20,	20,	20,	20,	20,	20,	20,	20,	20,	20,	20,	20,	20,	20,	20,	20,	20,	20,	20,	20,	20,	20,	20,	20,	20,	20,	20,	),
(	20,	20,	20,	20,	20,	20,	20,	20,	20,	20,	20,	20,	20,	20,	20,	20,	20,	20,	20,	20,	20,	20,	20,	20,	20,	20,	20,	20,	20,	20,	20,	3,	3,	20,	20,	20,	20,	20,	20,	20,	20,	20,	20,	20,	20,	20,	20,	20,	20,	20,	20,	20,	20,	20,	20,	20,	20,	20,	20,	20,	20,	20,	20,	20,	20,	20,	20,	20,	20,	20,	20,	20,	20,	20,	20,	20,	20,	20,	20,	20,	20,	20,	20,	20,	20,	20,	20,	20,	20,	20,	20,	20,	20,	20,	20,	20,	20,	20,	20,	20,	20,	20,	20,	20,	20,	20,	20,	20,	20,	20,	20,	20,	20,	20,	20,	20,	20,	20,	20,	20,	20,	20,	20,	20,	),
(	20,	20,	20,	20,	20,	20,	20,	20,	20,	20,	20,	20,	20,	20,	20,	20,	20,	20,	20,	20,	20,	20,	20,	20,	20,	20,	20,	20,	20,	20,	3,	3,	20,	20,	20,	3,	20,	20,	20,	20,	20,	20,	20,	20,	20,	20,	20,	20,	20,	20,	20,	20,	20,	20,	20,	20,	20,	20,	20,	20,	20,	20,	20,	20,	20,	20,	20,	20,	20,	20,	20,	20,	20,	20,	20,	20,	20,	20,	20,	20,	20,	20,	20,	20,	20,	20,	20,	20,	20,	20,	20,	20,	20,	20,	20,	20,	20,	20,	20,	20,	20,	20,	20,	20,	20,	20,	20,	20,	20,	20,	20,	20,	20,	20,	20,	20,	20,	20,	20,	20,	20,	20,	20,	20,	),
(	20,	20,	20,	20,	20,	20,	20,	20,	20,	20,	20,	20,	20,	20,	20,	20,	20,	20,	20,	20,	20,	20,	20,	20,	20,	20,	20,	20,	20,	20,	20,	20,	3,	20,	20,	20,	20,	20,	20,	20,	20,	20,	20,	20,	20,	20,	20,	20,	20,	20,	20,	20,	20,	20,	20,	20,	20,	20,	20,	20,	20,	20,	20,	20,	20,	20,	20,	20,	20,	20,	20,	20,	20,	20,	20,	20,	20,	20,	20,	20,	20,	20,	20,	20,	20,	20,	20,	20,	20,	20,	20,	20,	20,	20,	20,	20,	20,	20,	20,	20,	20,	20,	20,	20,	20,	20,	20,	20,	20,	20,	20,	20,	20,	20,	20,	20,	20,	20,	20,	20,	20,	20,	20,	20,	),
(	20,	20,	20,	20,	20,	20,	20,	20,	20,	20,	20,	20,	20,	20,	20,	20,	20,	20,	20,	20,	20,	20,	20,	20,	20,	20,	20,	20,	20,	20,	20,	20,	20,	20,	20,	20,	20,	20,	20,	20,	20,	20,	20,	20,	20,	20,	20,	20,	20,	20,	20,	20,	20,	20,	20,	20,	20,	20,	20,	20,	20,	20,	20,	20,	20,	20,	20,	20,	20,	20,	20,	20,	20,	20,	20,	20,	20,	20,	20,	20,	20,	20,	20,	20,	20,	20,	20,	20,	20,	20,	20,	20,	20,	20,	20,	20,	20,	20,	20,	20,	20,	20,	20,	20,	20,	20,	20,	20,	20,	20,	20,	20,	20,	20,	20,	20,	20,	20,	20,	20,	20,	20,	20,	20,	),
(	20,	20,	20,	20,	20,	20,	20,	20,	20,	20,	20,	20,	20,	20,	20,	20,	20,	20,	20,	20,	20,	20,	20,	20,	20,	20,	20,	20,	20,	20,	20,	20,	20,	20,	20,	20,	20,	20,	20,	20,	20,	20,	20,	20,	20,	20,	20,	20,	20,	20,	20,	20,	20,	20,	20,	20,	20,	20,	20,	20,	20,	20,	20,	20,	20,	20,	20,	20,	20,	20,	20,	20,	20,	20,	20,	20,	20,	20,	20,	20,	20,	20,	20,	20,	20,	20,	20,	20,	20,	20,	20,	20,	20,	20,	20,	20,	20,	20,	20,	20,	20,	20,	20,	20,	20,	20,	20,	20,	20,	20,	20,	20,	20,	20,	20,	20,	20,	20,	20,	20,	20,	20,	20,	20,	),
(	20,	20,	20,	20,	20,	20,	20,	20,	20,	20,	20,	20,	20,	20,	20,	20,	20,	20,	20,	20,	20,	20,	20,	20,	20,	20,	20,	20,	20,	20,	20,	20,	20,	20,	20,	20,	20,	20,	20,	20,	20,	20,	20,	20,	20,	20,	20,	20,	20,	20,	20,	20,	20,	20,	20,	20,	20,	20,	20,	20,	20,	20,	20,	20,	20,	20,	20,	20,	20,	20,	20,	20,	20,	20,	20,	20,	20,	20,	20,	20,	20,	20,	20,	20,	20,	20,	20,	20,	20,	20,	20,	20,	20,	20,	20,	20,	20,	20,	20,	20,	20,	20,	20,	20,	20,	20,	20,	20,	20,	20,	20,	20,	20,	20,	20,	20,	20,	20,	20,	20,	20,	20,	20,	20,	)),